{
    "camera_angle_x": 0.9885186754408632,
    "frames": [
        {
            "file_path": "./train/1",
            "transform_matrix": [
                [
                    -1.2502144386417058e-07,
                    0.4999997615814209,
                    -0.8660253882408142,
                    -4.330127239227295
                ],
                [
                    -0.9998475313186646,
                    -0.015114338137209415,
                    -0.008726032450795174,
                    -5.302876236065149e-16
                ],
                [
                    -0.01745254546403885,
                    0.8658934831619263,
                    0.4999237358570099,
                    2.5
                ],
                [
                    0.0,
                    0.0,
                    0.0,
                    1.0
                ]
            ]
        },
        {
            "file_path": "./train/2",
            "transform_matrix": [
                [
                    -1.2502144386417058e-07,
                    0.4999997615814209,
                    -0.8660253882408142,
                    -4.330127239227295
                ],
                [
                    -0.9998475313186646,
                    -0.015114338137209415,
                    -0.008726032450795174,
                    -5.302876236065149e-16
                ],
                [
                    -0.01745254546403885,
                    0.8658934831619263,
                    0.4999237358570099,
                    2.5
                ],
                [
                    0.0,
                    0.0,
                    0.0,
                    1.0
                ]
            ]
        },
        {
            "file_path": "./train/3",
            "transform_matrix": [
                [
                    -1.2502144386417058e-07,
                    0.4999997615814209,
                    -0.8660253882408142,
                    -4.330127239227295
                ],
                [
                    -0.9998475313186646,
                    -0.015114338137209415,
                    -0.008726032450795174,
                    -5.302876236065149e-16
                ],
                [
                    -0.01745254546403885,
                    0.8658934831619263,
                    0.4999237358570099,
                    2.5
                ],
                [
                    0.0,
                    0.0,
                    0.0,
                    1.0
                ]
            ]
        },
        {
            "file_path": "./train/4",
            "transform_matrix": [
                [
                    -1.2502144386417058e-07,
                    0.4999997615814209,
                    -0.8660253882408142,
                    -4.330127239227295
                ],
                [
                    -0.9998475313186646,
                    -0.015114338137209415,
                    -0.008726032450795174,
                    -5.302876236065149e-16
                ],
                [
                    -0.01745254546403885,
                    0.8658934831619263,
                    0.4999237358570099,
                    2.5
                ],
                [
                    0.0,
                    0.0,
                    0.0,
                    1.0
                ]
            ]
        },
        {
            "file_path": "./train/5",
            "transform_matrix": [
                [
                    -1.2502144386417058e-07,
                    0.4999997615814209,
                    -0.8660253882408142,
                    -4.330127239227295
                ],
                [
                    -0.9998475313186646,
                    -0.015114338137209415,
                    -0.008726032450795174,
                    -5.302876236065149e-16
                ],
                [
                    -0.01745254546403885,
                    0.8658934831619263,
                    0.4999237358570099,
                    2.5
                ],
                [
                    0.0,
                    0.0,
                    0.0,
                    1.0
                ]
            ]
        },
        {
            "file_path": "./train/6",
            "transform_matrix": [
                [
                    -1.2502144386417058e-07,
                    0.4999997615814209,
                    -0.8660253882408142,
                    -4.330127239227295
                ],
                [
                    -0.9998475313186646,
                    -0.015114338137209415,
                    -0.008726032450795174,
                    -5.302876236065149e-16
                ],
                [
                    -0.01745254546403885,
                    0.8658934831619263,
                    0.4999237358570099,
                    2.5
                ],
                [
                    0.0,
                    0.0,
                    0.0,
                    1.0
                ]
            ]
        }
        
    ]
}