{
    "camera_angle_x": 2.3516214976871934,
    "frames": [
        {
            "file_path": "./train/1",
            "transform_matrix": [
                [
                    -0.4999999999999999,
                    -0.43301270189221924,
                    0.7500000000000001,
                    1.5000000000000002
                ],
                [
                    0.8660254037844387,
                    -0.24999999999999992,
                    0.43301270189221924,
                    0.8660254037844385
                ],
                [
                    2.0816681711721688e-17,
                    0.8660254037844387,
                    0.4999999999999999,
                    0.9999999999999998
                ],
                [
                    0.0,
                    0.0,
                    0.0,
                    1.0
                ]
            ]
        },
        {
            "file_path": "./train/2",
            "transform_matrix": [
                [
                    -1.0,
                    2.094269368838496e-17,
                    5.753957801139251e-17,
                    1.1507915602278503e-16
                ],
                [
                    6.123233995736766e-17,
                    0.3420201433256687,
                    0.9396926207859083,
                    1.8793852415718166
                ],
                [
                    2.895651451026081e-33,
                    0.9396926207859084,
                    -0.34202014332566866,
                    -0.6840402866513373
                ],
                [
                    0.0,
                    0.0,
                    0.0,
                    1.0
                ]
            ]
        },
        {
            "file_path": "./train/3",
            "transform_matrix": [
                [
                    -0.4999999999999999,
                    0.43301270189221924,
                    -0.7500000000000001,
                    -1.5000000000000002
                ],
                [
                    -0.8660254037844387,
                    -0.24999999999999992,
                    0.43301270189221924,
                    0.8660254037844385
                ],
                [
                    -2.0816681711721688e-17,
                    0.8660254037844387,
                    0.4999999999999999,
                    0.9999999999999998
                ],
                [
                    0.0,
                    0.0,
                    0.0,
                    1.0
                ]
            ]
        },
        {
            "file_path": "./train/4",
            "transform_matrix": [
                [
                    0.5000000000000001,
                    -0.2961981327260238,
                    -0.8137976813493736,
                    -1.6275953626987472
                ],
                [
                    -0.8660254037844387,
                    -0.17101007166283438,
                    -0.46984631039295427,
                    -0.9396926207859085
                ],
                [
                    0.0,
                    0.9396926207859084,
                    -0.34202014332566866,
                    -0.6840402866513373
                ],
                [
                    0.0,
                    0.0,
                    0.0,
                    1.0
                ]
            ]
        },
        {
            "file_path": "./train/5",
            "transform_matrix": [
                [
                    1.0,
                    9.184850993605147e-17,
                    -1.5908628580873602e-16,
                    -3.1817257161747205e-16
                ],
                [
                    -1.8369701987210297e-16,
                    0.49999999999999994,
                    -0.8660254037844387,
                    -1.7320508075688774
                ],
                [
                    -1.0674587249590384e-32,
                    0.8660254037844387,
                    0.4999999999999999,
                    0.9999999999999998
                ],
                [
                    0.0,
                    0.0,
                    0.0,
                    1.0
                ]
            ]
        },
        {
            "file_path": "./train/6",
            "transform_matrix": [
                [
                    0.5000000000000004,
                    0.29619813272602374,
                    0.8137976813493735,
                    1.627595362698747
                ],
                [
                    0.8660254037844384,
                    -0.17101007166283452,
                    -0.4698463103929546,
                    -0.9396926207859092
                ],
                [
                    -2.258742308051602e-17,
                    0.9396926207859084,
                    -0.3420201433256687,
                    -0.6840402866513374
                ],
                [
                    0.0,
                    0.0,
                    0.0,
                    1.0
                ]
            ]
        }
    ]
}